Start Calculate Value
0 1 	10.198039027185569
10	2		2 	11.180339887498949
11	2		3 	11.40175425099138
11	3		4 	10.44030650891055
10	3		5 	11.40175425099138
11	3		6 	10.198039027185569
10	2		7 	11.180339887498949
11	2		8 	10.44030650891055
10	3		9 	11.40175425099138
11	3		10 	11.180339887498949
11	2		11 	11.180339887498949
11	2		12 	11.40175425099138
11	3		13 	11.40175425099138
11	3		14 	11.40175425099138
11	3		15 	11.180339887498949
11	2		16 	11.180339887498949
11	2		17 	11.40175425099138
11	3		18 	10.198039027185569
10	2		19 	11.180339887498949
11	2		20 	11.40175425099138
11	3		21 	10.44030650891055
10	3		22 	11.40175425099138
11	3		23 	10.198039027185569
10	2		24 	11.180339887498949
11	2		25 	10.44030650891055
10	3		26 	10.44030650891055
10	3		27 	10.198039027185569
10	2		28 	11.180339887498949
11	2		29 	11.40175425099138
11	3		30 	10.44030650891055
10	3		31 	11.40175425099138
11	3		32 	10.198039027185569
10	2		33 	11.180339887498949
11	2		34 	11.40175425099138
11	3		35 	11.180339887498949
11	2		36 	11.180339887498949
11	2		37 	11.40175425099138
11	3		38 	11.40175425099138
11	3		39 	11.40175425099138
11	3		40 	11.180339887498949
11	2		41 	11.180339887498949
11	2		42 	11.40175425099138
11	3		43 	11.180339887498949
11	2		44 	11.180339887498949
11	2		45 	11.40175425099138
11	3		46 	11.40175425099138
11	3		47 	11.180339887498949
11	2		48 	11.180339887498949
11	2		49 	11.180339887498949
11	2		50 	10.198039027185569
10	2		51 	11.180339887498949
11	2		52 	11.40175425099138
11	3		53 	10.44030650891055
10	3		54 	11.40175425099138
11	3		55 	10.198039027185569
10	2		56 	11.180339887498949
11	2		57 	10.44030650891055
10	3		58 	10.44030650891055
10	3		59 	10.198039027185569
10	2		60 	11.180339887498949
11	2		61 	11.40175425099138
11	3		62 	10.44030650891055
10	3		63 	11.40175425099138
11	3		64 	10.198039027185569
10	2		65 	11.180339887498949
11	2		66 	11.40175425099138
11	3		67 	11.180339887498949
11	2		68 	11.180339887498949
11	2		69 	11.40175425099138
11	3		70 	11.40175425099138
11	3		71 	11.40175425099138
11	3		72 	11.180339887498949
11	2		73 	11.180339887498949
11	2		74 	11.40175425099138
11	3		75 	11.40175425099138
11	3		76 	11.180339887498949
11	2		77 	11.180339887498949
11	2		78 	11.40175425099138
11	3		79 	11.40175425099138
11	3		80 	11.180339887498949
11	2		81 	11.180339887498949
11	2		82 	11.180339887498949
11	2		83 	10.198039027185569
10	2		84 	11.180339887498949
11	2		85 	11.40175425099138
11	3		86 	10.44030650891055
10	3		87 	11.40175425099138
11	3		88 	10.198039027185569
10	2		89 	11.180339887498949
11	2		90 	10.44030650891055
10	3		91 	10.44030650891055
10	3		92 	10.198039027185569
10	2		93 	11.180339887498949
11	2		94 	11.40175425099138
11	3		95 	10.44030650891055
10	3		96 	11.40175425099138
11	3		97 	10.198039027185569
10	2		98 	11.180339887498949
11	2		99 	10.44030650891055
10	3		100 	10.198039027185569
10	2		101 	11.180339887498949
11	2		102 	11.40175425099138
11	3		103 	10.44030650891055
10	3		104 	11.40175425099138
11	3		105 	10.198039027185569
10	2		106 	11.180339887498949
11	2		107 	10.44030650891055
10	3		108 	10.198039027185569
10	2		109 	10.198039027185569
10	2		110 	11.180339887498949
11	2		111 	11.40175425099138
11	3		112 	10.44030650891055
10	3		113 	11.40175425099138
11	3		114 	11.180339887498949
11	2		115 	11.40175425099138
11	3		116 	11.180339887498949
11	2		117 	11.180339887498949
11	2		118 	11.40175425099138
11	3		119 	11.40175425099138
11	3		120 	11.40175425099138
11	3		121 	11.180339887498949
11	2		122 	11.180339887498949
11	2		123 	11.40175425099138
11	3		124 	11.40175425099138
11	3		125 	11.180339887498949
11	2		126 	11.180339887498949
11	2		127 	11.40175425099138
11	3		128 	11.40175425099138
11	3		129 	11.40175425099138
11	3		130 	11.180339887498949
11	2		131 	11.180339887498949
11	2		132 	11.40175425099138
11	3		133 	11.180339887498949
11	2		134 	11.180339887498949
11	2		135 	11.40175425099138
11	3		136 	11.40175425099138
11	3		137 	11.40175425099138
11	3		138 	11.180339887498949
11	2		139 	11.180339887498949
11	2		140 	11.40175425099138
11	3		141 	11.40175425099138
11	3		142 	11.180339887498949
11	2		143 	11.180339887498949
11	2		144 	11.40175425099138
11	3		145 	12.36931687685298
12	3		146 	11.180339887498949
11	2		147 	12.165525060596439
12	2		148 	12.36931687685298
12	3		149 	11.40175425099138
11	3		150 	12.36931687685298
12	3		151 	11.180339887498949
11	2		152 	12.165525060596439
12	2		153 	11.40175425099138
11	3		154 	11.40175425099138
11	3		155 	11.180339887498949
11	2		156 	12.165525060596439
12	2		157 	12.36931687685298
12	3		158 	11.40175425099138
11	3		159 	12.36931687685298
12	3		160 	11.180339887498949
11	2		161 	12.165525060596439
12	2		162 	11.40175425099138
11	3		163 	11.180339887498949
11	2		164 	11.180339887498949
11	2		165 	12.165525060596439
12	2		166 	12.36931687685298
12	3		167 	11.40175425099138
11	3		168 	12.36931687685298
12	3		169 	12.165525060596439
12	2		170 	12.36931687685298
12	3		171 	12.165525060596439
12	2		172 	12.165525060596439
12	2		173 	12.36931687685298
12	3		174 	12.36931687685298
12	3		175 	12.36931687685298
12	3		176 	12.165525060596439
12	2		177 	12.165525060596439
12	2		178 	12.36931687685298
12	3		179 	12.36931687685298
12	3		180 	12.165525060596439
12	2		181 	12.165525060596439
12	2		182 	12.36931687685298
12	3		183 	12.36931687685298
12	3		184 	12.36931687685298
12	3		185 	12.165525060596439
12	2		186 	12.165525060596439
12	2		187 	12.36931687685298
12	3		188 	12.36931687685298
12	3		189 	12.165525060596439
12	2		190 	12.165525060596439
12	2		191 	12.36931687685298
12	3		192 	12.165525060596439
12	2		193 	12.165525060596439
12	2		194 	12.165525060596439
12	2		195 	11.180339887498949
11	2		196 	12.165525060596439
12	2		197 	12.36931687685298
12	3		198 	11.40175425099138
11	3		199 	12.36931687685298
12	3		200 	11.180339887498949
11	2		201 	12.165525060596439
12	2		202 	11.40175425099138
11	3		203 	11.40175425099138
11	3		204 	11.180339887498949
11	2		205 	12.165525060596439
12	2		206 	12.36931687685298
12	3		207 	11.40175425099138
11	3		208 	12.36931687685298
12	3		209 	11.180339887498949
11	2		210 	12.165525060596439
12	2		211 	11.40175425099138
11	3		212 	11.180339887498949
11	2		213 	11.180339887498949
11	2		214 	12.165525060596439
12	2		215 	12.36931687685298
12	3		216 	11.40175425099138
11	3		217 	12.36931687685298
12	3		218 	12.165525060596439
12	2		219 	11.40175425099138
11	3		220 	11.180339887498949
11	2		221 	12.165525060596439
12	2		222 	12.36931687685298
12	3		223 	11.40175425099138
11	3		224 	12.36931687685298
12	3		225 	11.180339887498949
11	2		226 	12.165525060596439
12	2		227 	11.40175425099138
11	3		228 	11.180339887498949
11	2		229 	11.180339887498949
11	2		230 	12.165525060596439
12	2		231 	12.36931687685298
12	3		232 	11.40175425099138
11	3		233 	12.36931687685298
12	3		234 	11.180339887498949
11	2		235 	12.165525060596439
12	2		236 	11.40175425099138
11	3		237 	11.40175425099138
11	3		238 	11.180339887498949
11	2		239 	12.165525060596439
12	2		240 	12.36931687685298
12	3		241 	12.36931687685298
12	3		242 	12.165525060596439
12	2		243 	12.165525060596439
12	2		244 	12.165525060596439
12	2		245 	12.165525060596439
12	2		246 	12.36931687685298
12	3		247 	12.36931687685298
12	3		248 	12.36931687685298
12	3		249 	12.165525060596439
12	2		250 	12.165525060596439
12	2		251 	12.36931687685298
12	3		252 	12.36931687685298
12	3		253 	12.165525060596439
12	2		254 	12.165525060596439
12	2		255 	12.36931687685298
12	3		256 	12.36931687685298
12	3		257 	12.36931687685298
12	3		258 	12.165525060596439
12	2		259 	12.165525060596439
12	2		260 	12.36931687685298
12	3		261 	12.36931687685298
12	3		262 	12.165525060596439
12	2		263 	12.165525060596439
12	2		264 	12.36931687685298
12	3		265 	12.36931687685298
12	3		266 	12.165525060596439
12	2		267 	12.165525060596439
12	2		268 	12.165525060596439
12	2		269 	12.165525060596439
12	2		270 	12.165525060596439
12	2		271 	12.36931687685298
12	3		272 	12.36931687685298
12	3		273 	12.36931687685298
12	3		274 	12.165525060596439
12	2		275 	12.165525060596439
12	2		276 	12.36931687685298
12	3		277 	12.36931687685298
12	3		278 	12.165525060596439
12	2		279 	12.165525060596439
12	2		280 	12.36931687685298
12	3		281 	12.36931687685298
12	3		282 	12.36931687685298
12	3		283 	12.165525060596439
12	2		284 	12.165525060596439
12	2		285 	12.36931687685298
12	3		286 	12.36931687685298
12	3		287 	12.165525060596439
12	2		288 	12.36931687685298
12	3		289 	12.36931687685298
12	3		290 	12.36931687685298
12	3		291 	11.180339887498949
11	2		292 	12.165525060596439
12	2		293 	12.36931687685298
12	3		294 	11.40175425099138
11	3		295 	12.36931687685298
12	3		296 	11.180339887498949
11	2		297 	12.165525060596439
12	2		298 	11.40175425099138
11	3		299 	11.40175425099138
11	3		300 	11.180339887498949
11	2		301 	12.165525060596439
12	2		302 	12.36931687685298
12	3		303 	11.40175425099138
11	3		304 	12.36931687685298
12	3		305 	11.180339887498949
11	2		306 	12.165525060596439
12	2		307 	11.40175425099138
11	3		308 	11.180339887498949
11	2		309 	12.165525060596439
12	2		310 	12.36931687685298
12	3		311 	11.40175425099138
11	3		312 	12.36931687685298
12	3		313 	11.180339887498949
11	2		314 	12.165525060596439
12	2		315 	11.40175425099138
11	3		316 	11.40175425099138
11	3		317 	11.180339887498949
11	2		318 	12.165525060596439
12	2		319 	12.36931687685298
12	3		320 	11.40175425099138
11	3		321 	12.36931687685298
12	3		322 	11.180339887498949
11	2		323 	12.165525060596439
12	2		324 	11.40175425099138
11	3		325 	11.180339887498949
11	2		326 	12.165525060596439
12	2		327 	12.36931687685298
12	3		328 	11.40175425099138
11	3		329 	12.36931687685298
12	3		330 	11.180339887498949
11	2		331 	12.165525060596439
12	2		332 	11.40175425099138
11	3		333 	11.180339887498949
11	2		334 	12.165525060596439
12	2		335 	12.36931687685298
12	3		336 	12.36931687685298
12	3		337 	11.180339887498949
11	2		338 	12.165525060596439
12	2		339 	12.36931687685298
12	3		340 	12.165525060596439
12	2		341 	12.165525060596439
12	2		342 	12.36931687685298
12	3		343 	12.36931687685298
12	3		344 	12.36931687685298
12	3		345 	12.165525060596439
12	2		346 	12.165525060596439
12	2		347 	12.36931687685298
12	3		348 	12.36931687685298
12	3		349 	12.165525060596439
12	2		350 	12.165525060596439
12	2		351 	12.36931687685298
12	3		352 	12.36931687685298
12	3		353 	12.36931687685298
12	3		354 	12.165525060596439
12	2		355 	12.165525060596439
12	2		356 	12.36931687685298
12	3		357 	12.165525060596439
12	2		358 	12.165525060596439
12	2		359 	12.36931687685298
12	3		360 	12.36931687685298
12	3		361 	12.36931687685298
12	3		362 	12.165525060596439
12	2		363 	12.165525060596439
12	2		364 	12.36931687685298
12	3		365 	12.36931687685298
12	3		366 	12.165525060596439
12	2		367 	12.165525060596439
12	2		368 	12.36931687685298
12	3		369 	12.36931687685298
12	3		370 	12.36931687685298
12	3		371 	12.165525060596439
12	2		372 	12.165525060596439
12	2		373 	12.36931687685298
12	3		374 	12.165525060596439
12	2		375 	12.165525060596439
12	2		376 	12.36931687685298
12	3		377 	12.36931687685298
12	3		378 	12.36931687685298
12	3		379 	12.165525060596439
12	2		380 	12.165525060596439
12	2		381 	12.36931687685298
12	3		382 	12.36931687685298
12	3		383 	12.165525060596439
12	2		384 	12.165525060596439
12	2		385 	12.165525060596439
12	2		386 	12.165525060596439
12	2		387 	12.165525060596439
12	2		388 	11.180339887498949
11	2		389 	12.165525060596439
12	2		390 	12.36931687685298
12	3		391 	11.40175425099138
11	3		392 	12.36931687685298
12	3		393 	11.180339887498949
11	2		394 	12.165525060596439
12	2		395 	11.40175425099138
11	3		396 	11.40175425099138
11	3		397 	11.180339887498949
11	2		398 	12.165525060596439
12	2		399 	12.36931687685298
12	3		400 	11.40175425099138
11	3		401 	12.36931687685298
12	3		402 	11.180339887498949
11	2		403 	12.165525060596439
12	2		404 	11.40175425099138
11	3		405 	11.180339887498949
11	2		406 	12.165525060596439
12	2		407 	12.36931687685298
12	3		408 	11.40175425099138
11	3		409 	12.36931687685298
12	3		410 	11.180339887498949
11	2		411 	12.165525060596439
12	2		412 	11.40175425099138
11	3		413 	11.40175425099138
11	3		414 	11.180339887498949
11	2		415 	12.165525060596439
12	2		416 	12.36931687685298
12	3		417 	11.40175425099138
11	3		418 	12.36931687685298
12	3		419 	11.180339887498949
11	2		420 	12.165525060596439
12	2		421 	11.40175425099138
11	3		422 	11.180339887498949
11	2		423 	12.165525060596439
12	2		424 	12.36931687685298
12	3		425 	11.40175425099138
11	3		426 	12.36931687685298
12	3		427 	11.180339887498949
11	2		428 	12.165525060596439
12	2		429 	11.40175425099138
11	3		430 	11.180339887498949
11	2		431 	12.165525060596439
12	2		432 	12.36931687685298
12	3		433 	12.36931687685298
12	3		434 	11.180339887498949
11	2		435 	12.165525060596439
12	2		436 	11.40175425099138
11	3		437 	11.180339887498949
11	2		438 	12.165525060596439
12	2		439 	12.36931687685298
12	3		440 	11.40175425099138
11	3		441 	12.36931687685298
12	3		442 	11.180339887498949
11	2		443 	12.165525060596439
12	2		444 	11.40175425099138
11	3		445 	11.40175425099138
11	3		446 	11.180339887498949
11	2		447 	12.165525060596439
12	2		448 	12.36931687685298
12	3		449 	11.40175425099138
11	3		450 	12.36931687685298
12	3		451 	11.180339887498949
11	2		452 	12.165525060596439
12	2		453 	11.40175425099138
11	3		454 	11.180339887498949
11	2		455 	12.165525060596439
12	2		456 	12.36931687685298
12	3		457 	11.40175425099138
11	3		458 	12.36931687685298
12	3		459 	11.180339887498949
11	2		460 	12.165525060596439
12	2		461 	11.40175425099138
11	3		462 	11.40175425099138
11	3		463 	11.180339887498949
11	2		464 	12.165525060596439
12	2		465 	12.36931687685298
12	3		466 	11.40175425099138
11	3		467 	12.36931687685298
12	3		468 	11.180339887498949
11	2		469 	12.165525060596439
12	2		470 	11.40175425099138
11	3		471 	11.180339887498949
11	2		472 	12.165525060596439
12	2		473 	12.36931687685298
12	3		474 	11.40175425099138
11	3		475 	12.36931687685298
12	3		476 	11.180339887498949
11	2		477 	12.165525060596439
12	2		478 	12.36931687685298
12	3		479 	11.180339887498949
11	2		480 	12.165525060596439
12	2		481 	12.36931687685298
12	3		482 	12.165525060596439
12	2		483 	11.180339887498949
11	2		484 	12.36931687685298
12	3		485 	12.165525060596439
12	2		486 	12.165525060596439
12	2		487 	12.36931687685298
12	3		488 	12.36931687685298
12	3		489 	12.36931687685298
12	3		490 	12.165525060596439
12	2		491 	12.165525060596439
12	2		492 	12.36931687685298
12	3		493 	12.36931687685298
12	3		494 	12.165525060596439
12	2		495 	12.165525060596439
12	2		496 	12.36931687685298
12	3		497 	12.36931687685298
12	3		498 	12.36931687685298
12	3		499 	12.165525060596439
12	2		500 	12.165525060596439
12	2		501 	12.36931687685298
12	3		502 	12.165525060596439
12	2		503 	12.165525060596439
12	2		504 	12.36931687685298
12	3		505 	12.36931687685298
12	3		506 	12.36931687685298
12	3		507 	12.165525060596439
12	2		508 	12.165525060596439
12	2		509 	12.36931687685298
12	3		510 	12.36931687685298
12	3		511 	12.165525060596439
12	2		512 	12.165525060596439
12	2		513 	12.36931687685298
12	3		514 	12.36931687685298
12	3		515 	12.36931687685298
12	3		516 	12.165525060596439
12	2		517 	12.165525060596439
12	2		518 	12.36931687685298
12	3		519 	12.165525060596439
12	2		520 	12.165525060596439
12	2		521 	12.36931687685298
12	3		522 	12.36931687685298
12	3		523 	12.36931687685298
12	3		524 	12.165525060596439
12	2		525 	12.165525060596439
12	2		526 	12.36931687685298
12	3		527 	12.36931687685298
12	3		528 	12.165525060596439
12	2		529 	12.165525060596439
12	2		530 	12.36931687685298
12	3		531 	12.165525060596439
12	2		532 	12.165525060596439
12	2		533 	12.165525060596439
12	2		534 	12.165525060596439
12	2		535 	12.165525060596439
12	2		536 	12.36931687685298
12	3		537 	12.36931687685298
12	3		538 	12.36931687685298
12	3		539 	12.165525060596439
12	2		540 	12.165525060596439
12	2		541 	12.36931687685298
12	3		542 	12.36931687685298
12	3		543 	12.165525060596439
12	2		544 	12.165525060596439
12	2		545 	12.36931687685298
12	3		546 	12.36931687685298
12	3		547 	12.36931687685298
12	3		548 	12.165525060596439
12	2		549 	12.165525060596439
12	2		550 	12.36931687685298
12	3		551 	12.165525060596439
12	2		552 	12.165525060596439
12	2		553 	12.36931687685298
12	3		554 	12.36931687685298
12	3		555 	12.36931687685298
12	3		556 	12.165525060596439
12	2		557 	12.165525060596439
12	2		558 	12.36931687685298
12	3		559 	12.36931687685298
12	3		560 	12.165525060596439
12	2		561 	12.165525060596439
12	2		562 	12.36931687685298
12	3		563 	12.36931687685298
12	3		564 	12.36931687685298
12	3		565 	12.165525060596439
12	2		566 	12.165525060596439
12	2		567 	12.36931687685298
12	3		568 	12.165525060596439
12	2		569 	12.165525060596439
12	2		570 	12.36931687685298
12	3		571 	12.36931687685298
12	3		572 	12.36931687685298
12	3		573 	12.165525060596439
12	2		574 	12.165525060596439
12	2		575 	12.165525060596439
12	2		576 	12.165525060596439
12	2		577 	12.165525060596439
12	2		578 	11.180339887498949
11	2		579 	12.165525060596439
12	2		580 	12.36931687685298
12	3		581 	11.40175425099138
11	3		582 	12.36931687685298
12	3		583 	11.180339887498949
11	2		584 	12.165525060596439
12	2		585 	11.40175425099138
11	3		586 	11.40175425099138
11	3		587 	11.180339887498949
11	2		588 	12.165525060596439
12	2		589 	12.36931687685298
12	3		590 	11.40175425099138
11	3		591 	12.36931687685298
12	3		592 	11.180339887498949
11	2		593 	12.165525060596439
12	2		594 	11.40175425099138
11	3		595 	11.180339887498949
11	2		596 	12.165525060596439
12	2		597 	12.36931687685298
12	3		598 	11.40175425099138
11	3		599 	12.36931687685298
12	3		600 	11.180339887498949
11	2		601 	12.165525060596439
12	2		602 	11.40175425099138
11	3		603 	11.180339887498949
11	2		604 	11.180339887498949
11	2		605 	12.165525060596439
12	2		606 	12.36931687685298
12	3		607 	11.40175425099138
11	3		608 	12.36931687685298
12	3		609 	12.165525060596439
12	2		610 	12.36931687685298
12	3		611 	12.165525060596439
12	2		612 	12.165525060596439
12	2		613 	12.36931687685298
12	3		614 	12.36931687685298
12	3		615 	12.36931687685298
12	3		616 	12.165525060596439
12	2		617 	12.165525060596439
12	2		618 	12.36931687685298
12	3		619 	12.36931687685298
12	3		620 	12.165525060596439
12	2		621 	12.165525060596439
12	2		622 	12.36931687685298
12	3		623 	12.36931687685298
12	3		624 	12.36931687685298
12	3		625 	12.165525060596439
12	2		626 	12.165525060596439
12	2		627 	12.36931687685298
12	3		628 	12.165525060596439
12	2		629 	12.165525060596439
12	2		630 	12.36931687685298
12	3		631 	12.36931687685298
12	3		632 	12.36931687685298
12	3		633 	12.165525060596439
12	2		634 	12.165525060596439
12	2		635 	12.36931687685298
12	3		636 	12.36931687685298
12	3		637 	12.165525060596439
12	2		638 	12.165525060596439
12	2		639 	12.36931687685298
12	3		640 	12.165525060596439
12	2		641 	12.165525060596439
12	2		642 	12.165525060596439
12	2		643 	11.180339887498949
11	2		644 	12.165525060596439
12	2		645 	12.36931687685298
12	3		646 	11.40175425099138
11	3		647 	12.36931687685298
12	3		648 	11.180339887498949
11	2		649 	12.165525060596439
12	2		650 	11.40175425099138
11	3		651 	11.40175425099138
11	3		652 	11.180339887498949
11	2		653 	12.165525060596439
12	2		654 	12.36931687685298
12	3		655 	11.40175425099138
11	3		656 	12.36931687685298
12	3		657 	11.180339887498949
11	2		658 	12.165525060596439
12	2		659 	11.40175425099138
11	3		660 	11.180339887498949
11	2		661 	12.165525060596439
12	2		662 	12.36931687685298
12	3		663 	11.40175425099138
11	3		664 	12.36931687685298
12	3		665 	11.180339887498949
11	2		666 	12.165525060596439
12	2		667 	11.40175425099138
11	3		668 	11.180339887498949
11	2		669 	11.180339887498949
11	2		670 	12.165525060596439
12	2		671 	12.36931687685298
12	3		672 	11.40175425099138
11	3		673 	12.36931687685298
12	3		674 	12.165525060596439
12	2		675 	11.40175425099138
11	3		676 	11.180339887498949
11	2		677 	12.165525060596439
12	2		678 	12.36931687685298
12	3		679 	11.40175425099138
11	3		680 	12.36931687685298
12	3		681 	11.180339887498949
11	2		682 	12.165525060596439
12	2		683 	11.40175425099138
11	3		684 	11.40175425099138
11	3		685 	11.180339887498949
11	2		686 	12.165525060596439
12	2		687 	12.36931687685298
12	3		688 	11.40175425099138
11	3		689 	12.36931687685298
12	3		690 	11.180339887498949
11	2		691 	12.165525060596439
12	2		692 	11.40175425099138
11	3		693 	11.180339887498949
11	2		694 	12.165525060596439
12	2		695 	12.36931687685298
12	3		696 	11.40175425099138
11	3		697 	12.36931687685298
12	3		698 	11.180339887498949
11	2		699 	12.165525060596439
12	2		700 	11.40175425099138
11	3		701 	11.180339887498949
11	2		702 	12.165525060596439
12	2		703 	12.36931687685298
12	3		704 	12.36931687685298
12	3		705 	11.180339887498949
11	2		706 	12.165525060596439
12	2		707 	12.36931687685298
12	3		708 	12.165525060596439
12	2		709 	12.165525060596439
12	2		710 	12.36931687685298
12	3		711 	12.36931687685298
12	3		712 	12.36931687685298
12	3		713 	12.165525060596439
12	2		714 	12.165525060596439
12	2		715 	12.36931687685298
12	3		716 	12.36931687685298
12	3		717 	12.165525060596439
12	2		718 	12.165525060596439
12	2		719 	12.36931687685298
12	3		720 	12.36931687685298
12	3		721 	12.36931687685298
12	3		722 	12.165525060596439
12	2		723 	12.165525060596439
12	2		724 	12.36931687685298
12	3		725 	12.165525060596439
12	2		726 	12.165525060596439
12	2		727 	12.36931687685298
12	3		728 	12.36931687685298
12	3		729 	12.36931687685298
12	3		730 	12.165525060596439
12	2		731 	12.165525060596439
12	2		732 	12.36931687685298
12	3		733 	12.36931687685298
12	3		734 	12.165525060596439
12	2		735 	12.165525060596439
12	2		736 	12.36931687685298
12	3		737 	12.36931687685298
12	3		738 	12.165525060596439
12	2		739 	12.165525060596439
12	2		740 	12.165525060596439
12	2		741 	12.165525060596439
12	2		742 	12.165525060596439
12	2		743 	12.36931687685298
12	3		744 	12.36931687685298
12	3		745 	12.36931687685298
12	3		746 	12.165525060596439
12	2		747 	12.165525060596439
12	2		748 	12.36931687685298
12	3		749 	12.36931687685298
12	3		750 	12.165525060596439
12	2		751 	12.165525060596439
12	2		752 	12.36931687685298
12	3		753 	12.36931687685298
12	3		754 	12.36931687685298
12	3		755 	12.165525060596439
12	2		756 	12.165525060596439
12	2		757 	12.36931687685298
12	3		758 	12.165525060596439
12	2		759 	12.165525060596439
12	2		760 	12.36931687685298
12	3		761 	12.36931687685298
12	3		762 	12.36931687685298
12	3		763 	12.165525060596439
12	2		764 	12.165525060596439
12	2		765 	12.36931687685298
12	3		766 	12.36931687685298
12	3		767 	12.165525060596439
12	2		768 	12.165525060596439
12	2		769 	12.36931687685298
12	3		770 	12.36931687685298
12	3		771 	11.180339887498949
11	2		772 	12.165525060596439
12	2		773 	12.36931687685298
12	3		774 	11.40175425099138
11	3		775 	12.36931687685298
12	3		776 	11.180339887498949
11	2		777 	12.165525060596439
12	2		778 	11.40175425099138
11	3		779 	11.40175425099138
11	3		780 	11.180339887498949
11	2		781 	12.165525060596439
12	2		782 	12.36931687685298
12	3		783 	11.40175425099138
11	3		784 	12.36931687685298
12	3		785 	11.180339887498949
11	2		786 	12.165525060596439
12	2		787 	11.40175425099138
11	3		788 	11.180339887498949
11	2		789 	12.165525060596439
12	2		790 	12.36931687685298
12	3		791 	11.40175425099138
11	3		792 	12.36931687685298
12	3		793 	11.180339887498949
11	2		794 	12.165525060596439
12	2		795 	11.40175425099138
11	3		796 	11.180339887498949
11	2		797 	11.180339887498949
11	2		798 	12.165525060596439
12	2		799 	12.36931687685298
12	3		800 	11.40175425099138
11	3		801 	12.36931687685298
12	3		802 	12.165525060596439
12	2		803 	11.40175425099138
11	3		804 	11.180339887498949
11	2		805 	12.165525060596439
12	2		806 	12.36931687685298
12	3		807 	11.40175425099138
11	3		808 	12.36931687685298
12	3		809 	11.180339887498949
11	2		810 	12.165525060596439
12	2		811 	11.40175425099138
11	3		812 	11.40175425099138
11	3		813 	11.180339887498949
11	2		814 	12.165525060596439
12	2		815 	12.36931687685298
12	3		816 	11.40175425099138
11	3		817 	12.36931687685298
12	3		818 	11.180339887498949
11	2		819 	12.165525060596439
12	2		820 	11.40175425099138
11	3		821 	11.180339887498949
11	2		822 	12.165525060596439
12	2		823 	12.36931687685298
12	3		824 	11.40175425099138
11	3		825 	12.36931687685298
12	3		826 	11.180339887498949
11	2		827 	12.165525060596439
12	2		828 	11.40175425099138
11	3		829 	11.180339887498949
11	2		830 	12.165525060596439
12	2		831 	12.36931687685298
12	3		832 	12.36931687685298
12	3		833 	11.180339887498949
11	2		834 	12.165525060596439
12	2		835 	12.36931687685298
12	3		836 	12.165525060596439
12	2		837 	12.165525060596439
12	2		838 	12.36931687685298
12	3		839 	12.36931687685298
12	3		840 	12.36931687685298
12	3		841 	12.165525060596439
12	2		842 	12.165525060596439
12	2		843 	12.36931687685298
12	3		844 	12.36931687685298
12	3		845 	12.165525060596439
12	2		846 	12.165525060596439
12	2		847 	12.36931687685298
12	3		848 	12.36931687685298
12	3		849 	12.36931687685298
12	3		850 	12.165525060596439
12	2		851 	12.165525060596439
12	2		852 	12.36931687685298
12	3		853 	12.165525060596439
12	2		854 	12.165525060596439
12	2		855 	12.36931687685298
12	3		856 	12.36931687685298
12	3		857 	12.36931687685298
12	3		858 	12.165525060596439
12	2		859 	12.165525060596439
12	2		860 	12.36931687685298
12	3		861 	12.36931687685298
12	3		862 	12.165525060596439
12	2		863 	12.165525060596439
12	2		864 	12.36931687685298
12	3		865 	12.36931687685298
12	3		866 	12.165525060596439
12	2		867 	12.165525060596439
12	2		868 	12.165525060596439
12	2		869 	12.165525060596439
12	2		870 	12.165525060596439
12	2		871 	12.36931687685298
12	3		872 	12.36931687685298
12	3		873 	12.36931687685298
12	3		874 	12.165525060596439
12	2		875 	12.165525060596439
12	2		876 	12.36931687685298
12	3		877 	12.36931687685298
12	3		878 	12.165525060596439
12	2		879 	12.165525060596439
12	2		880 	12.36931687685298
12	3		881 	12.36931687685298
12	3		882 	12.36931687685298
12	3		883 	12.165525060596439
12	2		884 	12.165525060596439
12	2		885 	12.36931687685298
12	3		886 	12.165525060596439
12	2		887 	12.165525060596439
12	2		888 	12.36931687685298
12	3		889 	12.36931687685298
12	3		890 	12.36931687685298
12	3		891 	12.165525060596439
12	2		892 	12.165525060596439
12	2		893 	12.36931687685298
12	3		894 	12.36931687685298
12	3		895 	12.165525060596439
12	2		896 	12.165525060596439
12	2		897 	12.36931687685298
12	3		898 	12.165525060596439
12	2		899 	12.165525060596439
12	2		900 	11.180339887498949
11	2		901 	12.165525060596439
12	2		902 	12.36931687685298
12	3		903 	11.40175425099138
11	3		904 	12.36931687685298
12	3		905 	11.180339887498949
11	2		906 	12.165525060596439
12	2		907 	11.40175425099138
11	3		908 	11.40175425099138
11	3		909 	11.180339887498949
11	2		910 	12.165525060596439
12	2		911 	12.36931687685298
12	3		912 	11.40175425099138
11	3		913 	12.36931687685298
12	3		914 	11.180339887498949
11	2		915 	12.165525060596439
12	2		916 	11.40175425099138
11	3		917 	11.180339887498949
11	2		918 	12.165525060596439
12	2		919 	12.36931687685298
12	3		920 	11.40175425099138
11	3		921 	12.36931687685298
12	3		922 	11.180339887498949
11	2		923 	12.165525060596439
12	2		924 	11.40175425099138
11	3		925 	11.180339887498949
11	2		926 	11.180339887498949
11	2		927 	12.165525060596439
12	2		928 	12.36931687685298
12	3		929 	11.40175425099138
11	3		930 	12.36931687685298
12	3		931 	12.165525060596439
12	2		932 	11.40175425099138
11	3		933 	11.180339887498949
11	2		934 	12.165525060596439
12	2		935 	12.36931687685298
12	3		936 	11.40175425099138
11	3		937 	12.36931687685298
12	3		938 	11.180339887498949
11	2		939 	12.165525060596439
12	2		940 	11.40175425099138
11	3		941 	11.40175425099138
11	3		942 	11.180339887498949
11	2		943 	12.165525060596439
12	2		944 	12.36931687685298
12	3		945 	11.40175425099138
11	3		946 	12.36931687685298
12	3		947 	11.180339887498949
11	2		948 	12.165525060596439
12	2		949 	11.40175425099138
11	3		950 	11.180339887498949
11	2		951 	12.165525060596439
12	2		952 	12.36931687685298
12	3		953 	11.40175425099138
11	3		954 	12.36931687685298
12	3		955 	11.180339887498949
11	2		956 	12.165525060596439
12	2		957 	11.40175425099138
11	3		958 	11.180339887498949
11	2		959 	12.165525060596439
12	2		960 	12.36931687685298
12	3		961 	12.36931687685298
12	3		962 	11.180339887498949
11	2		963 	12.165525060596439
12	2		964 	11.40175425099138
11	3		965 	11.180339887498949
11	2		966 	12.165525060596439
12	2		967 	12.36931687685298
12	3		968 	11.40175425099138
11	3		969 	12.36931687685298
12	3		970 	11.180339887498949
11	2		971 	12.165525060596439
12	2		972 	11.40175425099138
11	3		973 	11.40175425099138
11	3		974 	11.180339887498949
11	2		975 	12.165525060596439
12	2		976 	12.36931687685298
12	3		977 	11.40175425099138
11	3		978 	12.36931687685298
12	3		979 	11.180339887498949
11	2		980 	12.165525060596439
12	2		981 	11.40175425099138
11	3		982 	11.180339887498949
11	2		983 	12.165525060596439
12	2		984 	12.36931687685298
12	3		985 	11.40175425099138
11	3		986 	12.36931687685298
12	3		987 	11.180339887498949
11	2		988 	12.165525060596439
12	2		989 	11.40175425099138
11	3		990 	11.180339887498949
11	2		991 	11.180339887498949
11	2		992 	12.165525060596439
12	2		993 	12.36931687685298
12	3		994 	11.40175425099138
11	3		995 	12.36931687685298
12	3		996 	12.165525060596439
12	2		997 	11.40175425099138
11	3		998 	11.180339887498949
11	2		999 	12.165525060596439
12	2		1000 	12.36931687685298
12	3		1001 	11.40175425099138
11	3		1002 	12.36931687685298
12	3		1003 	11.180339887498949
11	2		1004 	12.165525060596439
12	2		1005 	11.40175425099138
11	3		1006 	11.180339887498949
11	2		1007 	11.180339887498949
11	2		1008 	12.165525060596439
12	2		1009 	12.36931687685298
12	3		1010 	11.40175425099138
11	3		1011 	12.36931687685298
12	3		1012 	12.165525060596439
12	2		1013 	11.40175425099138
11	3		1014 	11.180339887498949
11	2		1015 	12.165525060596439
12	2		1016 	12.36931687685298
12	3		1017 	11.40175425099138
11	3		1018 	12.36931687685298
12	3		1019 	11.180339887498949
11	2		1020 	12.165525060596439
12	2		1021 	11.40175425099138
11	3		1022 	11.180339887498949
11	2		1023 	12.165525060596439
12	2		1024 	12.36931687685298
12	3		1025 	12.36931687685298
12	3		1026 	11.180339887498949
11	2		1027 	12.165525060596439
12	2		1028 	12.36931687685298
12	3		1029 	12.165525060596439
12	2		1030 	12.165525060596439
12	2		1031 	12.36931687685298
12	3		1032 	12.36931687685298
12	3		1033 	12.36931687685298
12	3		1034 	12.165525060596439
12	2		1035 	12.165525060596439
12	2		1036 	12.36931687685298
12	3		1037 	12.36931687685298
12	3		1038 	12.165525060596439
12	2		1039 	12.165525060596439
12	2		1040 	12.36931687685298
12	3		1041 	12.36931687685298
12	3		1042 	12.36931687685298
12	3		1043 	12.165525060596439
12	2		1044 	12.165525060596439
12	2		1045 	12.36931687685298
12	3		1046 	12.165525060596439
12	2		1047 	12.165525060596439
12	2		1048 	12.36931687685298
12	3		1049 	12.36931687685298
12	3		1050 	12.36931687685298
12	3		1051 	12.165525060596439
12	2		1052 	12.165525060596439
12	2		1053 	12.36931687685298
12	3		1054 	12.36931687685298
12	3		1055 	12.165525060596439
12	2		1056 	12.165525060596439
12	2		1057 	12.36931687685298
12	3		1058 	12.36931687685298
12	3		1059 	12.165525060596439
12	2		1060 	12.165525060596439
12	2		1061 	12.165525060596439
12	2		1062 	12.165525060596439
12	2		1063 	12.165525060596439
12	2		1064 	12.36931687685298
12	3		1065 	12.36931687685298
12	3		1066 	12.36931687685298
12	3		1067 	12.165525060596439
12	2		1068 	12.165525060596439
12	2		1069 	12.36931687685298
12	3		1070 	12.36931687685298
12	3		1071 	12.165525060596439
12	2		1072 	12.165525060596439
12	2		1073 	12.36931687685298
12	3		1074 	12.36931687685298
12	3		1075 	12.36931687685298
12	3		1076 	12.165525060596439
12	2		1077 	12.165525060596439
12	2		1078 	12.36931687685298
12	3		1079 	12.165525060596439
12	2		1080 	12.165525060596439
12	2		1081 	12.36931687685298
12	3		1082 	12.36931687685298
12	3		1083 	12.36931687685298
12	3		1084 	12.165525060596439
12	2		1085 	12.165525060596439
12	2		1086 	12.36931687685298
12	3		1087 	12.36931687685298
12	3		1088 	12.165525060596439
12	2		1089 	12.165525060596439
12	2		1090 	12.36931687685298
12	3		1091 	12.165525060596439
12	2		1092 	12.36931687685298
12	3		1093 	12.165525060596439
12	2		1094 	12.165525060596439
12	2		1095 	12.36931687685298
12	3		1096 	12.36931687685298
12	3		1097 	12.36931687685298
12	3		1098 	12.165525060596439
12	2		1099 	12.165525060596439
12	2		1100 	12.36931687685298
12	3		1101 	12.36931687685298
12	3		1102 	12.165525060596439
12	2		1103 	12.165525060596439
12	2		1104 	12.36931687685298
12	3		1105 	12.36931687685298
12	3		1106 	12.36931687685298
12	3		1107 	12.165525060596439
12	2		1108 	12.165525060596439
12	2		1109 	12.36931687685298
12	3		1110 	12.165525060596439
12	2		1111 	12.165525060596439
12	2		1112 	12.36931687685298
12	3		1113 	12.36931687685298
12	3		1114 	12.36931687685298
12	3		1115 	12.165525060596439
12	2		1116 	12.165525060596439
12	2		1117 	12.36931687685298
12	3		1118 	12.36931687685298
12	3		1119 	12.165525060596439
12	2		1120 	12.165525060596439
12	2		1121 	12.36931687685298
12	3		1122 	12.36931687685298
12	3		1123 	12.165525060596439
12	2		1124 	12.165525060596439
12	2		1125 	12.165525060596439
12	2		1126 	12.165525060596439
12	2		1127 	12.165525060596439
12	2		1128 	12.36931687685298
12	3		1129 	12.36931687685298
12	3		1130 	12.36931687685298
12	3		1131 	12.165525060596439
12	2		1132 	12.165525060596439
12	2		1133 	12.36931687685298
12	3		1134 	12.36931687685298
12	3		1135 	12.165525060596439
12	2		1136 	12.165525060596439
12	2		1137 	12.36931687685298
12	3		1138 	12.36931687685298
12	3		1139 	12.36931687685298
12	3		1140 	12.165525060596439
12	2		1141 	12.165525060596439
12	2		1142 	12.36931687685298
12	3		1143 	12.165525060596439
12	2		1144 	12.165525060596439
12	2		1145 	12.36931687685298
12	3		1146 	12.36931687685298
12	3		1147 	12.36931687685298
12	3		1148 	12.165525060596439
12	2		1149 	12.165525060596439
12	2		1150 	12.36931687685298
12	3		1151 	12.36931687685298
12	3		1152 	12.165525060596439
12	2		1153 	13.341664064126334
13	3		1154 	10.198039027185569
10	2		1155 	11.180339887498949
11	2		1156 	11.40175425099138
11	3		1157 	10.44030650891055
10	3		1158 	11.40175425099138
11	3		1159 	10.198039027185569
10	2		1160 	11.180339887498949
11	2		1161 	10.44030650891055
10	3		1162 	11.40175425099138
11	3		1163 	11.180339887498949
11	2		1164 	11.180339887498949
11	2		1165 	11.40175425099138
11	3		1166 	11.40175425099138
11	3		1167 	11.40175425099138
11	3		1168 	11.180339887498949
11	2		1169 	11.180339887498949
11	2		1170 	11.40175425099138
11	3		1171 	10.198039027185569
10	2		1172 	11.180339887498949
11	2		1173 	11.40175425099138
11	3		1174 	10.44030650891055
10	3		1175 	11.40175425099138
11	3		1176 	10.198039027185569
10	2		1177 	11.180339887498949
11	2		1178 	10.44030650891055
10	3		1179 	10.44030650891055
10	3		1180 	10.198039027185569
10	2		1181 	11.180339887498949
11	2		1182 	11.40175425099138
11	3		1183 	10.44030650891055
10	3		1184 	11.40175425099138
11	3		1185 	10.198039027185569
10	2		1186 	11.180339887498949
11	2		1187 	11.40175425099138
11	3		1188 	11.180339887498949
11	2		1189 	11.180339887498949
11	2		1190 	11.40175425099138
11	3		1191 	11.40175425099138
11	3		1192 	11.40175425099138
11	3		1193 	11.180339887498949
11	2		1194 	11.180339887498949
11	2		1195 	11.40175425099138
11	3		1196 	11.180339887498949
11	2		1197 	11.180339887498949
11	2		1198 	11.40175425099138
11	3		1199 	11.40175425099138
11	3		1200 	11.180339887498949
11	2		1201 	11.180339887498949
11	2		1202 	12.165525060596439
12	2		1203 	11.180339887498949
11	2		1204 	12.165525060596439
12	2		1205 	12.36931687685298
12	3		1206 	11.40175425099138
11	3		1207 	12.36931687685298
12	3		1208 	11.180339887498949
11	2		1209 	12.165525060596439
12	2		1210 	11.40175425099138
11	3		1211 	11.40175425099138
11	3		1212 	11.180339887498949
11	2		1213 	12.165525060596439
12	2		1214 	12.36931687685298
12	3		1215 	11.40175425099138
11	3		1216 	12.36931687685298
12	3		1217 	11.180339887498949
11	2		1218 	12.165525060596439
12	2		1219 	11.40175425099138
11	3		1220 	11.180339887498949
11	2		1221 	11.180339887498949
11	2		1222 	12.165525060596439
12	2		1223 	12.36931687685298
12	3		1224 	11.40175425099138
11	3		1225 	12.36931687685298
12	3		1226 	12.165525060596439
12	2		1227 	12.36931687685298
12	3		1228 	12.165525060596439
12	2		1229 	12.165525060596439
12	2		1230 	12.36931687685298
12	3		1231 	12.36931687685298
12	3		1232 	12.36931687685298
12	3		1233 	12.165525060596439
12	2		1234 	12.165525060596439
12	2		1235 	12.36931687685298
12	3		1236 	12.36931687685298
12	3		1237 	12.165525060596439
12	2		1238 	12.165525060596439
12	2		1239 	12.36931687685298
12	3		1240 	12.36931687685298
12	3		1241 	12.36931687685298
12	3		1242 	12.165525060596439
12	2		1243 	12.165525060596439
12	2		1244 	12.36931687685298
12	3		1245 	12.36931687685298
12	3		1246 	12.165525060596439
12	2		1247 	12.165525060596439
12	2		1248 	12.36931687685298
12	3		1249 	12.165525060596439
12	2		1250 	12.165525060596439
12	2		1251 	12.165525060596439
12	2		1252 	11.180339887498949
11	2		1253 	12.165525060596439
12	2		1254 	12.36931687685298
12	3		1255 	11.40175425099138
11	3		1256 	12.36931687685298
12	3		1257 	11.180339887498949
11	2		1258 	12.165525060596439
12	2		1259 	11.40175425099138
11	3		1260 	11.40175425099138
11	3		1261 	11.180339887498949
11	2		1262 	12.165525060596439
12	2		1263 	12.36931687685298
12	3		1264 	11.40175425099138
11	3		1265 	12.36931687685298
12	3		1266 	11.180339887498949
11	2		1267 	12.165525060596439
12	2		1268 	11.40175425099138
11	3		1269 	11.180339887498949
11	2		1270 	11.180339887498949
11	2		1271 	12.165525060596439
12	2		1272 	12.36931687685298
12	3		1273 	11.40175425099138
11	3		1274 	12.36931687685298
12	3		1275 	12.165525060596439
12	2		1276 	11.40175425099138
11	3		1277 	11.180339887498949
11	2		1278 	12.165525060596439
12	2		1279 	12.36931687685298
12	3		1280 	11.40175425099138
11	3		1281 	12.36931687685298
12	3		1282 	11.180339887498949
11	2		1283 	12.165525060596439
12	2		1284 	11.40175425099138
11	3		1285 	11.180339887498949
11	2		1286 	11.180339887498949
11	2		1287 	12.165525060596439
12	2		1288 	12.36931687685298
12	3		1289 	11.40175425099138
11	3		1290 	12.36931687685298
12	3		1291 	11.180339887498949
11	2		1292 	12.165525060596439
12	2		1293 	11.40175425099138
11	3		1294 	11.40175425099138
11	3		1295 	11.180339887498949
11	2		1296 	12.165525060596439
12	2		1297 	12.36931687685298
12	3		1298 	12.36931687685298
12	3		1299 	12.165525060596439
12	2		1300 	12.165525060596439
12	2		1301 	12.165525060596439
12	2		1302 	12.165525060596439
12	2		1303 	12.36931687685298
12	3		1304 	12.36931687685298
12	3		1305 	12.36931687685298
12	3		1306 	12.165525060596439
12	2		1307 	12.165525060596439
12	2		1308 	12.36931687685298
12	3		1309 	12.36931687685298
12	3		1310 	12.165525060596439
12	2		1311 	12.165525060596439
12	2		1312 	12.36931687685298
12	3		1313 	12.36931687685298
12	3		1314 	12.36931687685298
12	3		1315 	12.165525060596439
12	2		1316 	12.165525060596439
12	2		1317 	12.36931687685298
12	3		1318 	12.36931687685298
12	3		1319 	12.165525060596439
12	2		1320 	12.165525060596439
12	2		1321 	12.36931687685298
12	3		1322 	12.36931687685298
12	3		1323 	12.165525060596439
12	2		1324 	12.165525060596439
12	2		1325 	12.165525060596439
12	2		1326 	12.165525060596439
12	2		1327 	12.165525060596439
12	2		1328 	12.36931687685298
12	3		1329 	12.36931687685298
12	3		1330 	12.36931687685298
12	3		1331 	12.165525060596439
12	2		1332 	12.36931687685298
12	3		1333 	12.36931687685298
12	3		1334 	12.165525060596439
12	2		1335 	12.165525060596439
12	2		1336 	12.36931687685298
12	3		1337 	12.36931687685298
12	3		1338 	12.36931687685298
12	3		1339 	12.165525060596439
12	2		1340 	12.165525060596439
12	2		1341 	12.36931687685298
12	3		1342 	12.36931687685298
12	3		1343 	12.165525060596439
12	2		1344 	12.36931687685298
12	3		1345 	12.36931687685298
12	3		1346 	12.36931687685298
12	3		1347 	11.180339887498949
11	2		1348 	12.165525060596439
12	2		1349 	12.36931687685298
12	3		1350 	11.40175425099138
11	3		1351 	12.36931687685298
12	3		1352 	11.180339887498949
11	2		1353 	12.165525060596439
12	2		1354 	11.40175425099138
11	3		1355 	11.40175425099138
11	3		1356 	11.180339887498949
11	2		1357 	12.165525060596439
12	2		1358 	12.36931687685298
12	3		1359 	11.40175425099138
11	3		1360 	12.36931687685298
12	3		1361 	11.180339887498949
11	2		1362 	12.165525060596439
12	2		1363 	11.40175425099138
11	3		1364 	11.180339887498949
11	2		1365 	12.165525060596439
12	2		1366 	12.36931687685298
12	3		1367 	11.40175425099138
11	3		1368 	12.36931687685298
12	3		1369 	11.180339887498949
11	2		1370 	12.165525060596439
12	2		1371 	11.40175425099138
11	3		1372 	11.180339887498949
11	2		1373 	11.180339887498949
11	2		1374 	12.165525060596439
12	2		1375 	12.36931687685298
12	3		1376 	11.40175425099138
11	3		1377 	12.36931687685298
12	3		1378 	12.165525060596439
12	2		1379 	12.36931687685298
12	3		1380 	12.165525060596439
12	2		1381 	12.165525060596439
12	2		1382 	12.36931687685298
12	3		